pos_list = np.array([[530.0, 209.0], [1126.0, 1229.0], [1492.0, 901.0], [692.0, 1332.0],
                     [1485.0, 163.0], [1960.0, 710.0], [1602.0, 922.0], [1692.0, 1134.0],
                     [733.0, 1444.0], [570.0, 1280.0], [1243.0, 705.0], [664.0, 1318.0],
                     [217.0, 156.0], [1319.0, 579.0], [933.0, 1323.0], [375.0, 93.0],
                     [295.0, 1368.0], [1417.0, 1243.0], [1833.0, 933.0], [1980.0, 238.0],
                     [1136.0, 1320.0], [123.0, 999.0], [1022.0, 496.0], [19.0, 492.0],
                     [261.0, 1022.0], [846.0, 115.0], [216.0, 612.0], [570.0, 905.0],
                     [1854.0, 516.0], [1041.0, 332.0], [17.0, 825.0], [1790.0, 1203.0],
                     [1715.0, 307.0], [1357.0, 8.0], [348.0, 20.0], [371.0, 1176.0],
                     [171.0, 1067.0], [1230.0, 1052.0], [368.0, 549.0], [23.0, 1329.0],
                     [1823.0, 1343.0], [1178.0, 893.0], [590.0, 842.0], [339.0, 766.0],
                     [1826.0, 1437.0], [1751.0, 849.0], [322.0, 1379.0], [1858.0, 232.0],
                     [348.0, 1112.0], [1136.0, 898.0], [242.0, 1154.0], [1598.0, 680.0],
                     [288.0, 530.0], [1808.0, 328.0], [1742.0, 249.0], [1935.0, 65.0],
                     [503.0, 1199.0], [36.0, 452.0], [1400.0, 970.0], [128.0, 1388.0],
                     [976.0, 230.0], [666.0, 1444.0], [1430.0, 1456.0], [1643.0, 425.0]])

city_num = pos_list.shape[0]
city_list = list()
colony_size = 300
last_generation = list()
next_generation = list()

max_iter = 481

iter_aver_list = np.zeros((max_iter))
iter_min_list = np.zeros((max_iter))
best_path_history = np.zeros((max_iter, city_num))

switch_possibility =1
mutate_possibility = 0.5